960
0.090000 0.090000 0.090000
0.090000 0.090000 0.180000
0.090000 0.090000 0.270000
0.090000 0.090000 0.360000
0.090000 0.180000 0.090000
0.090000 0.180000 0.180000
0.090000 0.180000 0.270000
0.090000 0.180000 0.360000
0.090000 0.270000 0.090000
0.090000 0.270000 0.180000
0.090000 0.270000 0.270000
0.090000 0.270000 0.360000
0.090000 0.360000 0.090000
0.090000 0.360000 0.180000
0.090000 0.360000 0.270000
0.090000 0.360000 0.360000
0.090000 0.450000 0.090000
0.090000 0.450000 0.180000
0.090000 0.450000 0.270000
0.090000 0.450000 0.360000
0.090000 0.540000 0.090000
0.090000 0.540000 0.180000
0.090000 0.540000 0.270000
0.090000 0.540000 0.360000
0.090000 0.630000 0.090000
0.090000 0.630000 0.180000
0.090000 0.630000 0.270000
0.090000 0.630000 0.360000
0.090000 0.720000 0.090000
0.090000 0.720000 0.180000
0.090000 0.720000 0.270000
0.090000 0.720000 0.360000
0.090000 0.810000 0.090000
0.090000 0.810000 0.180000
0.090000 0.810000 0.270000
0.090000 0.810000 0.360000
0.090000 0.900000 0.090000
0.090000 0.900000 0.180000
0.090000 0.900000 0.270000
0.090000 0.900000 0.360000
0.090000 0.990000 0.090000
0.090000 0.990000 0.180000
0.090000 0.990000 0.270000
0.090000 0.990000 0.360000
0.090000 1.080000 0.090000
0.090000 1.080000 0.180000
0.090000 1.080000 0.270000
0.090000 1.080000 0.360000
0.090000 1.170000 0.090000
0.090000 1.170000 0.180000
0.090000 1.170000 0.270000
0.090000 1.170000 0.360000
0.090000 1.260000 0.090000
0.090000 1.260000 0.180000
0.090000 1.260000 0.270000
0.090000 1.260000 0.360000
0.090000 1.350000 0.090000
0.090000 1.350000 0.180000
0.090000 1.350000 0.270000
0.090000 1.350000 0.360000
0.090000 1.440000 0.090000
0.090000 1.440000 0.180000
0.090000 1.440000 0.270000
0.090000 1.440000 0.360000
0.090000 1.530000 0.090000
0.090000 1.530000 0.180000
0.090000 1.530000 0.270000
0.090000 1.530000 0.360000
0.090000 1.620000 0.090000
0.090000 1.620000 0.180000
0.090000 1.620000 0.270000
0.090000 1.620000 0.360000
0.090000 1.710000 0.090000
0.090000 1.710000 0.180000
0.090000 1.710000 0.270000
0.090000 1.710000 0.360000
0.090000 1.800000 0.090000
0.090000 1.800000 0.180000
0.090000 1.800000 0.270000
0.090000 1.800000 0.360000
0.090000 1.890000 0.090000
0.090000 1.890000 0.180000
0.090000 1.890000 0.270000
0.090000 1.890000 0.360000
0.090000 1.980000 0.090000
0.090000 1.980000 0.180000
0.090000 1.980000 0.270000
0.090000 1.980000 0.360000
0.090000 2.070000 0.090000
0.090000 2.070000 0.180000
0.090000 2.070000 0.270000
0.090000 2.070000 0.360000
0.090000 2.160000 0.090000
0.090000 2.160000 0.180000
0.090000 2.160000 0.270000
0.090000 2.160000 0.360000
0.090000 2.250000 0.090000
0.090000 2.250000 0.180000
0.090000 2.250000 0.270000
0.090000 2.250000 0.360000
0.090000 2.340000 0.090000
0.090000 2.340000 0.180000
0.090000 2.340000 0.270000
0.090000 2.340000 0.360000
0.090000 2.430000 0.090000
0.090000 2.430000 0.180000
0.090000 2.430000 0.270000
0.090000 2.430000 0.360000
0.090000 2.520000 0.090000
0.090000 2.520000 0.180000
0.090000 2.520000 0.270000
0.090000 2.520000 0.360000
0.090000 2.610000 0.090000
0.090000 2.610000 0.180000
0.090000 2.610000 0.270000
0.090000 2.610000 0.360000
0.090000 2.700000 0.090000
0.090000 2.700000 0.180000
0.090000 2.700000 0.270000
0.090000 2.700000 0.360000
0.090000 2.790000 0.090000
0.090000 2.790000 0.180000
0.090000 2.790000 0.270000
0.090000 2.790000 0.360000
0.090000 2.880000 0.090000
0.090000 2.880000 0.180000
0.090000 2.880000 0.270000
0.090000 2.880000 0.360000
0.090000 2.970000 0.090000
0.090000 2.970000 0.180000
0.090000 2.970000 0.270000
0.090000 2.970000 0.360000
0.090000 3.060000 0.090000
0.090000 3.060000 0.180000
0.090000 3.060000 0.270000
0.090000 3.060000 0.360000
0.090000 3.150000 0.090000
0.090000 3.150000 0.180000
0.090000 3.150000 0.270000
0.090000 3.150000 0.360000
0.090000 3.240000 0.090000
0.090000 3.240000 0.180000
0.090000 3.240000 0.270000
0.090000 3.240000 0.360000
0.090000 3.330000 0.090000
0.090000 3.330000 0.180000
0.090000 3.330000 0.270000
0.090000 3.330000 0.360000
0.090000 3.420000 0.090000
0.090000 3.420000 0.180000
0.090000 3.420000 0.270000
0.090000 3.420000 0.360000
0.090000 3.510000 0.090000
0.090000 3.510000 0.180000
0.090000 3.510000 0.270000
0.090000 3.510000 0.360000
0.090000 3.600000 0.090000
0.090000 3.600000 0.180000
0.090000 3.600000 0.270000
0.090000 3.600000 0.360000
0.090000 3.690000 0.090000
0.090000 3.690000 0.180000
0.090000 3.690000 0.270000
0.090000 3.690000 0.360000
0.090000 3.780000 0.090000
0.090000 3.780000 0.180000
0.090000 3.780000 0.270000
0.090000 3.780000 0.360000
0.090000 3.870000 0.090000
0.090000 3.870000 0.180000
0.090000 3.870000 0.270000
0.090000 3.870000 0.360000
0.090000 3.960000 0.090000
0.090000 3.960000 0.180000
0.090000 3.960000 0.270000
0.090000 3.960000 0.360000
0.090000 4.050000 0.090000
0.090000 4.050000 0.180000
0.090000 4.050000 0.270000
0.090000 4.050000 0.360000
0.090000 4.140000 0.090000
0.090000 4.140000 0.180000
0.090000 4.140000 0.270000
0.090000 4.140000 0.360000
0.090000 4.230000 0.090000
0.090000 4.230000 0.180000
0.090000 4.230000 0.270000
0.090000 4.230000 0.360000
0.090000 4.320000 0.090000
0.090000 4.320000 0.180000
0.090000 4.320000 0.270000
0.090000 4.320000 0.360000
0.090000 4.410000 0.090000
0.090000 4.410000 0.180000
0.090000 4.410000 0.270000
0.090000 4.410000 0.360000
0.090000 4.500000 0.090000
0.090000 4.500000 0.180000
0.090000 4.500000 0.270000
0.090000 4.500000 0.360000
0.090000 4.590000 0.090000
0.090000 4.590000 0.180000
0.090000 4.590000 0.270000
0.090000 4.590000 0.360000
0.090000 4.680000 0.090000
0.090000 4.680000 0.180000
0.090000 4.680000 0.270000
0.090000 4.680000 0.360000
0.090000 4.770000 0.090000
0.090000 4.770000 0.180000
0.090000 4.770000 0.270000
0.090000 4.770000 0.360000
0.090000 4.860000 0.090000
0.090000 4.860000 0.180000
0.090000 4.860000 0.270000
0.090000 4.860000 0.360000
0.090000 4.950000 0.090000
0.090000 4.950000 0.180000
0.090000 4.950000 0.270000
0.090000 4.950000 0.360000
0.090000 5.040000 0.090000
0.090000 5.040000 0.180000
0.090000 5.040000 0.270000
0.090000 5.040000 0.360000
0.090000 5.130000 0.090000
0.090000 5.130000 0.180000
0.090000 5.130000 0.270000
0.090000 5.130000 0.360000
0.090000 5.220000 0.090000
0.090000 5.220000 0.180000
0.090000 5.220000 0.270000
0.090000 5.220000 0.360000
0.090000 5.310000 0.090000
0.090000 5.310000 0.180000
0.090000 5.310000 0.270000
0.090000 5.310000 0.360000
0.090000 5.400000 0.090000
0.090000 5.400000 0.180000
0.090000 5.400000 0.270000
0.090000 5.400000 0.360000
0.180000 0.090000 0.090000
0.180000 0.090000 0.180000
0.180000 0.090000 0.270000
0.180000 0.090000 0.360000
0.180000 0.180000 0.090000
0.180000 0.180000 0.180000
0.180000 0.180000 0.270000
0.180000 0.180000 0.360000
0.180000 0.270000 0.090000
0.180000 0.270000 0.180000
0.180000 0.270000 0.270000
0.180000 0.270000 0.360000
0.180000 0.360000 0.090000
0.180000 0.360000 0.180000
0.180000 0.360000 0.270000
0.180000 0.360000 0.360000
0.180000 0.450000 0.090000
0.180000 0.450000 0.180000
0.180000 0.450000 0.270000
0.180000 0.450000 0.360000
0.180000 0.540000 0.090000
0.180000 0.540000 0.180000
0.180000 0.540000 0.270000
0.180000 0.540000 0.360000
0.180000 0.630000 0.090000
0.180000 0.630000 0.180000
0.180000 0.630000 0.270000
0.180000 0.630000 0.360000
0.180000 0.720000 0.090000
0.180000 0.720000 0.180000
0.180000 0.720000 0.270000
0.180000 0.720000 0.360000
0.180000 0.810000 0.090000
0.180000 0.810000 0.180000
0.180000 0.810000 0.270000
0.180000 0.810000 0.360000
0.180000 0.900000 0.090000
0.180000 0.900000 0.180000
0.180000 0.900000 0.270000
0.180000 0.900000 0.360000
0.180000 0.990000 0.090000
0.180000 0.990000 0.180000
0.180000 0.990000 0.270000
0.180000 0.990000 0.360000
0.180000 1.080000 0.090000
0.180000 1.080000 0.180000
0.180000 1.080000 0.270000
0.180000 1.080000 0.360000
0.180000 1.170000 0.090000
0.180000 1.170000 0.180000
0.180000 1.170000 0.270000
0.180000 1.170000 0.360000
0.180000 1.260000 0.090000
0.180000 1.260000 0.180000
0.180000 1.260000 0.270000
0.180000 1.260000 0.360000
0.180000 1.350000 0.090000
0.180000 1.350000 0.180000
0.180000 1.350000 0.270000
0.180000 1.350000 0.360000
0.180000 1.440000 0.090000
0.180000 1.440000 0.180000
0.180000 1.440000 0.270000
0.180000 1.440000 0.360000
0.180000 1.530000 0.090000
0.180000 1.530000 0.180000
0.180000 1.530000 0.270000
0.180000 1.530000 0.360000
0.180000 1.620000 0.090000
0.180000 1.620000 0.180000
0.180000 1.620000 0.270000
0.180000 1.620000 0.360000
0.180000 1.710000 0.090000
0.180000 1.710000 0.180000
0.180000 1.710000 0.270000
0.180000 1.710000 0.360000
0.180000 1.800000 0.090000
0.180000 1.800000 0.180000
0.180000 1.800000 0.270000
0.180000 1.800000 0.360000
0.180000 1.890000 0.090000
0.180000 1.890000 0.180000
0.180000 1.890000 0.270000
0.180000 1.890000 0.360000
0.180000 1.980000 0.090000
0.180000 1.980000 0.180000
0.180000 1.980000 0.270000
0.180000 1.980000 0.360000
0.180000 2.070000 0.090000
0.180000 2.070000 0.180000
0.180000 2.070000 0.270000
0.180000 2.070000 0.360000
0.180000 2.160000 0.090000
0.180000 2.160000 0.180000
0.180000 2.160000 0.270000
0.180000 2.160000 0.360000
0.180000 2.250000 0.090000
0.180000 2.250000 0.180000
0.180000 2.250000 0.270000
0.180000 2.250000 0.360000
0.180000 2.340000 0.090000
0.180000 2.340000 0.180000
0.180000 2.340000 0.270000
0.180000 2.340000 0.360000
0.180000 2.430000 0.090000
0.180000 2.430000 0.180000
0.180000 2.430000 0.270000
0.180000 2.430000 0.360000
0.180000 2.520000 0.090000
0.180000 2.520000 0.180000
0.180000 2.520000 0.270000
0.180000 2.520000 0.360000
0.180000 2.610000 0.090000
0.180000 2.610000 0.180000
0.180000 2.610000 0.270000
0.180000 2.610000 0.360000
0.180000 2.700000 0.090000
0.180000 2.700000 0.180000
0.180000 2.700000 0.270000
0.180000 2.700000 0.360000
0.180000 2.790000 0.090000
0.180000 2.790000 0.180000
0.180000 2.790000 0.270000
0.180000 2.790000 0.360000
0.180000 2.880000 0.090000
0.180000 2.880000 0.180000
0.180000 2.880000 0.270000
0.180000 2.880000 0.360000
0.180000 2.970000 0.090000
0.180000 2.970000 0.180000
0.180000 2.970000 0.270000
0.180000 2.970000 0.360000
0.180000 3.060000 0.090000
0.180000 3.060000 0.180000
0.180000 3.060000 0.270000
0.180000 3.060000 0.360000
0.180000 3.150000 0.090000
0.180000 3.150000 0.180000
0.180000 3.150000 0.270000
0.180000 3.150000 0.360000
0.180000 3.240000 0.090000
0.180000 3.240000 0.180000
0.180000 3.240000 0.270000
0.180000 3.240000 0.360000
0.180000 3.330000 0.090000
0.180000 3.330000 0.180000
0.180000 3.330000 0.270000
0.180000 3.330000 0.360000
0.180000 3.420000 0.090000
0.180000 3.420000 0.180000
0.180000 3.420000 0.270000
0.180000 3.420000 0.360000
0.180000 3.510000 0.090000
0.180000 3.510000 0.180000
0.180000 3.510000 0.270000
0.180000 3.510000 0.360000
0.180000 3.600000 0.090000
0.180000 3.600000 0.180000
0.180000 3.600000 0.270000
0.180000 3.600000 0.360000
0.180000 3.690000 0.090000
0.180000 3.690000 0.180000
0.180000 3.690000 0.270000
0.180000 3.690000 0.360000
0.180000 3.780000 0.090000
0.180000 3.780000 0.180000
0.180000 3.780000 0.270000
0.180000 3.780000 0.360000
0.180000 3.870000 0.090000
0.180000 3.870000 0.180000
0.180000 3.870000 0.270000
0.180000 3.870000 0.360000
0.180000 3.960000 0.090000
0.180000 3.960000 0.180000
0.180000 3.960000 0.270000
0.180000 3.960000 0.360000
0.180000 4.050000 0.090000
0.180000 4.050000 0.180000
0.180000 4.050000 0.270000
0.180000 4.050000 0.360000
0.180000 4.140000 0.090000
0.180000 4.140000 0.180000
0.180000 4.140000 0.270000
0.180000 4.140000 0.360000
0.180000 4.230000 0.090000
0.180000 4.230000 0.180000
0.180000 4.230000 0.270000
0.180000 4.230000 0.360000
0.180000 4.320000 0.090000
0.180000 4.320000 0.180000
0.180000 4.320000 0.270000
0.180000 4.320000 0.360000
0.180000 4.410000 0.090000
0.180000 4.410000 0.180000
0.180000 4.410000 0.270000
0.180000 4.410000 0.360000
0.180000 4.500000 0.090000
0.180000 4.500000 0.180000
0.180000 4.500000 0.270000
0.180000 4.500000 0.360000
0.180000 4.590000 0.090000
0.180000 4.590000 0.180000
0.180000 4.590000 0.270000
0.180000 4.590000 0.360000
0.180000 4.680000 0.090000
0.180000 4.680000 0.180000
0.180000 4.680000 0.270000
0.180000 4.680000 0.360000
0.180000 4.770000 0.090000
0.180000 4.770000 0.180000
0.180000 4.770000 0.270000
0.180000 4.770000 0.360000
0.180000 4.860000 0.090000
0.180000 4.860000 0.180000
0.180000 4.860000 0.270000
0.180000 4.860000 0.360000
0.180000 4.950000 0.090000
0.180000 4.950000 0.180000
0.180000 4.950000 0.270000
0.180000 4.950000 0.360000
0.180000 5.040000 0.090000
0.180000 5.040000 0.180000
0.180000 5.040000 0.270000
0.180000 5.040000 0.360000
0.180000 5.130000 0.090000
0.180000 5.130000 0.180000
0.180000 5.130000 0.270000
0.180000 5.130000 0.360000
0.180000 5.220000 0.090000
0.180000 5.220000 0.180000
0.180000 5.220000 0.270000
0.180000 5.220000 0.360000
0.180000 5.310000 0.090000
0.180000 5.310000 0.180000
0.180000 5.310000 0.270000
0.180000 5.310000 0.360000
0.180000 5.400000 0.090000
0.180000 5.400000 0.180000
0.180000 5.400000 0.270000
0.180000 5.400000 0.360000
0.270000 0.090000 0.090000
0.270000 0.090000 0.180000
0.270000 0.090000 0.270000
0.270000 0.090000 0.360000
0.270000 0.180000 0.090000
0.270000 0.180000 0.180000
0.270000 0.180000 0.270000
0.270000 0.180000 0.360000
0.270000 0.270000 0.090000
0.270000 0.270000 0.180000
0.270000 0.270000 0.270000
0.270000 0.270000 0.360000
0.270000 0.360000 0.090000
0.270000 0.360000 0.180000
0.270000 0.360000 0.270000
0.270000 0.360000 0.360000
0.270000 0.450000 0.090000
0.270000 0.450000 0.180000
0.270000 0.450000 0.270000
0.270000 0.450000 0.360000
0.270000 0.540000 0.090000
0.270000 0.540000 0.180000
0.270000 0.540000 0.270000
0.270000 0.540000 0.360000
0.270000 0.630000 0.090000
0.270000 0.630000 0.180000
0.270000 0.630000 0.270000
0.270000 0.630000 0.360000
0.270000 0.720000 0.090000
0.270000 0.720000 0.180000
0.270000 0.720000 0.270000
0.270000 0.720000 0.360000
0.270000 0.810000 0.090000
0.270000 0.810000 0.180000
0.270000 0.810000 0.270000
0.270000 0.810000 0.360000
0.270000 0.900000 0.090000
0.270000 0.900000 0.180000
0.270000 0.900000 0.270000
0.270000 0.900000 0.360000
0.270000 0.990000 0.090000
0.270000 0.990000 0.180000
0.270000 0.990000 0.270000
0.270000 0.990000 0.360000
0.270000 1.080000 0.090000
0.270000 1.080000 0.180000
0.270000 1.080000 0.270000
0.270000 1.080000 0.360000
0.270000 1.170000 0.090000
0.270000 1.170000 0.180000
0.270000 1.170000 0.270000
0.270000 1.170000 0.360000
0.270000 1.260000 0.090000
0.270000 1.260000 0.180000
0.270000 1.260000 0.270000
0.270000 1.260000 0.360000
0.270000 1.350000 0.090000
0.270000 1.350000 0.180000
0.270000 1.350000 0.270000
0.270000 1.350000 0.360000
0.270000 1.440000 0.090000
0.270000 1.440000 0.180000
0.270000 1.440000 0.270000
0.270000 1.440000 0.360000
0.270000 1.530000 0.090000
0.270000 1.530000 0.180000
0.270000 1.530000 0.270000
0.270000 1.530000 0.360000
0.270000 1.620000 0.090000
0.270000 1.620000 0.180000
0.270000 1.620000 0.270000
0.270000 1.620000 0.360000
0.270000 1.710000 0.090000
0.270000 1.710000 0.180000
0.270000 1.710000 0.270000
0.270000 1.710000 0.360000
0.270000 1.800000 0.090000
0.270000 1.800000 0.180000
0.270000 1.800000 0.270000
0.270000 1.800000 0.360000
0.270000 1.890000 0.090000
0.270000 1.890000 0.180000
0.270000 1.890000 0.270000
0.270000 1.890000 0.360000
0.270000 1.980000 0.090000
0.270000 1.980000 0.180000
0.270000 1.980000 0.270000
0.270000 1.980000 0.360000
0.270000 2.070000 0.090000
0.270000 2.070000 0.180000
0.270000 2.070000 0.270000
0.270000 2.070000 0.360000
0.270000 2.160000 0.090000
0.270000 2.160000 0.180000
0.270000 2.160000 0.270000
0.270000 2.160000 0.360000
0.270000 2.250000 0.090000
0.270000 2.250000 0.180000
0.270000 2.250000 0.270000
0.270000 2.250000 0.360000
0.270000 2.340000 0.090000
0.270000 2.340000 0.180000
0.270000 2.340000 0.270000
0.270000 2.340000 0.360000
0.270000 2.430000 0.090000
0.270000 2.430000 0.180000
0.270000 2.430000 0.270000
0.270000 2.430000 0.360000
0.270000 2.520000 0.090000
0.270000 2.520000 0.180000
0.270000 2.520000 0.270000
0.270000 2.520000 0.360000
0.270000 2.610000 0.090000
0.270000 2.610000 0.180000
0.270000 2.610000 0.270000
0.270000 2.610000 0.360000
0.270000 2.700000 0.090000
0.270000 2.700000 0.180000
0.270000 2.700000 0.270000
0.270000 2.700000 0.360000
0.270000 2.790000 0.090000
0.270000 2.790000 0.180000
0.270000 2.790000 0.270000
0.270000 2.790000 0.360000
0.270000 2.880000 0.090000
0.270000 2.880000 0.180000
0.270000 2.880000 0.270000
0.270000 2.880000 0.360000
0.270000 2.970000 0.090000
0.270000 2.970000 0.180000
0.270000 2.970000 0.270000
0.270000 2.970000 0.360000
0.270000 3.060000 0.090000
0.270000 3.060000 0.180000
0.270000 3.060000 0.270000
0.270000 3.060000 0.360000
0.270000 3.150000 0.090000
0.270000 3.150000 0.180000
0.270000 3.150000 0.270000
0.270000 3.150000 0.360000
0.270000 3.240000 0.090000
0.270000 3.240000 0.180000
0.270000 3.240000 0.270000
0.270000 3.240000 0.360000
0.270000 3.330000 0.090000
0.270000 3.330000 0.180000
0.270000 3.330000 0.270000
0.270000 3.330000 0.360000
0.270000 3.420000 0.090000
0.270000 3.420000 0.180000
0.270000 3.420000 0.270000
0.270000 3.420000 0.360000
0.270000 3.510000 0.090000
0.270000 3.510000 0.180000
0.270000 3.510000 0.270000
0.270000 3.510000 0.360000
0.270000 3.600000 0.090000
0.270000 3.600000 0.180000
0.270000 3.600000 0.270000
0.270000 3.600000 0.360000
0.270000 3.690000 0.090000
0.270000 3.690000 0.180000
0.270000 3.690000 0.270000
0.270000 3.690000 0.360000
0.270000 3.780000 0.090000
0.270000 3.780000 0.180000
0.270000 3.780000 0.270000
0.270000 3.780000 0.360000
0.270000 3.870000 0.090000
0.270000 3.870000 0.180000
0.270000 3.870000 0.270000
0.270000 3.870000 0.360000
0.270000 3.960000 0.090000
0.270000 3.960000 0.180000
0.270000 3.960000 0.270000
0.270000 3.960000 0.360000
0.270000 4.050000 0.090000
0.270000 4.050000 0.180000
0.270000 4.050000 0.270000
0.270000 4.050000 0.360000
0.270000 4.140000 0.090000
0.270000 4.140000 0.180000
0.270000 4.140000 0.270000
0.270000 4.140000 0.360000
0.270000 4.230000 0.090000
0.270000 4.230000 0.180000
0.270000 4.230000 0.270000
0.270000 4.230000 0.360000
0.270000 4.320000 0.090000
0.270000 4.320000 0.180000
0.270000 4.320000 0.270000
0.270000 4.320000 0.360000
0.270000 4.410000 0.090000
0.270000 4.410000 0.180000
0.270000 4.410000 0.270000
0.270000 4.410000 0.360000
0.270000 4.500000 0.090000
0.270000 4.500000 0.180000
0.270000 4.500000 0.270000
0.270000 4.500000 0.360000
0.270000 4.590000 0.090000
0.270000 4.590000 0.180000
0.270000 4.590000 0.270000
0.270000 4.590000 0.360000
0.270000 4.680000 0.090000
0.270000 4.680000 0.180000
0.270000 4.680000 0.270000
0.270000 4.680000 0.360000
0.270000 4.770000 0.090000
0.270000 4.770000 0.180000
0.270000 4.770000 0.270000
0.270000 4.770000 0.360000
0.270000 4.860000 0.090000
0.270000 4.860000 0.180000
0.270000 4.860000 0.270000
0.270000 4.860000 0.360000
0.270000 4.950000 0.090000
0.270000 4.950000 0.180000
0.270000 4.950000 0.270000
0.270000 4.950000 0.360000
0.270000 5.040000 0.090000
0.270000 5.040000 0.180000
0.270000 5.040000 0.270000
0.270000 5.040000 0.360000
0.270000 5.130000 0.090000
0.270000 5.130000 0.180000
0.270000 5.130000 0.270000
0.270000 5.130000 0.360000
0.270000 5.220000 0.090000
0.270000 5.220000 0.180000
0.270000 5.220000 0.270000
0.270000 5.220000 0.360000
0.270000 5.310000 0.090000
0.270000 5.310000 0.180000
0.270000 5.310000 0.270000
0.270000 5.310000 0.360000
0.270000 5.400000 0.090000
0.270000 5.400000 0.180000
0.270000 5.400000 0.270000
0.270000 5.400000 0.360000
0.360000 0.090000 0.090000
0.360000 0.090000 0.180000
0.360000 0.090000 0.270000
0.360000 0.090000 0.360000
0.360000 0.180000 0.090000
0.360000 0.180000 0.180000
0.360000 0.180000 0.270000
0.360000 0.180000 0.360000
0.360000 0.270000 0.090000
0.360000 0.270000 0.180000
0.360000 0.270000 0.270000
0.360000 0.270000 0.360000
0.360000 0.360000 0.090000
0.360000 0.360000 0.180000
0.360000 0.360000 0.270000
0.360000 0.360000 0.360000
0.360000 0.450000 0.090000
0.360000 0.450000 0.180000
0.360000 0.450000 0.270000
0.360000 0.450000 0.360000
0.360000 0.540000 0.090000
0.360000 0.540000 0.180000
0.360000 0.540000 0.270000
0.360000 0.540000 0.360000
0.360000 0.630000 0.090000
0.360000 0.630000 0.180000
0.360000 0.630000 0.270000
0.360000 0.630000 0.360000
0.360000 0.720000 0.090000
0.360000 0.720000 0.180000
0.360000 0.720000 0.270000
0.360000 0.720000 0.360000
0.360000 0.810000 0.090000
0.360000 0.810000 0.180000
0.360000 0.810000 0.270000
0.360000 0.810000 0.360000
0.360000 0.900000 0.090000
0.360000 0.900000 0.180000
0.360000 0.900000 0.270000
0.360000 0.900000 0.360000
0.360000 0.990000 0.090000
0.360000 0.990000 0.180000
0.360000 0.990000 0.270000
0.360000 0.990000 0.360000
0.360000 1.080000 0.090000
0.360000 1.080000 0.180000
0.360000 1.080000 0.270000
0.360000 1.080000 0.360000
0.360000 1.170000 0.090000
0.360000 1.170000 0.180000
0.360000 1.170000 0.270000
0.360000 1.170000 0.360000
0.360000 1.260000 0.090000
0.360000 1.260000 0.180000
0.360000 1.260000 0.270000
0.360000 1.260000 0.360000
0.360000 1.350000 0.090000
0.360000 1.350000 0.180000
0.360000 1.350000 0.270000
0.360000 1.350000 0.360000
0.360000 1.440000 0.090000
0.360000 1.440000 0.180000
0.360000 1.440000 0.270000
0.360000 1.440000 0.360000
0.360000 1.530000 0.090000
0.360000 1.530000 0.180000
0.360000 1.530000 0.270000
0.360000 1.530000 0.360000
0.360000 1.620000 0.090000
0.360000 1.620000 0.180000
0.360000 1.620000 0.270000
0.360000 1.620000 0.360000
0.360000 1.710000 0.090000
0.360000 1.710000 0.180000
0.360000 1.710000 0.270000
0.360000 1.710000 0.360000
0.360000 1.800000 0.090000
0.360000 1.800000 0.180000
0.360000 1.800000 0.270000
0.360000 1.800000 0.360000
0.360000 1.890000 0.090000
0.360000 1.890000 0.180000
0.360000 1.890000 0.270000
0.360000 1.890000 0.360000
0.360000 1.980000 0.090000
0.360000 1.980000 0.180000
0.360000 1.980000 0.270000
0.360000 1.980000 0.360000
0.360000 2.070000 0.090000
0.360000 2.070000 0.180000
0.360000 2.070000 0.270000
0.360000 2.070000 0.360000
0.360000 2.160000 0.090000
0.360000 2.160000 0.180000
0.360000 2.160000 0.270000
0.360000 2.160000 0.360000
0.360000 2.250000 0.090000
0.360000 2.250000 0.180000
0.360000 2.250000 0.270000
0.360000 2.250000 0.360000
0.360000 2.340000 0.090000
0.360000 2.340000 0.180000
0.360000 2.340000 0.270000
0.360000 2.340000 0.360000
0.360000 2.430000 0.090000
0.360000 2.430000 0.180000
0.360000 2.430000 0.270000
0.360000 2.430000 0.360000
0.360000 2.520000 0.090000
0.360000 2.520000 0.180000
0.360000 2.520000 0.270000
0.360000 2.520000 0.360000
0.360000 2.610000 0.090000
0.360000 2.610000 0.180000
0.360000 2.610000 0.270000
0.360000 2.610000 0.360000
0.360000 2.700000 0.090000
0.360000 2.700000 0.180000
0.360000 2.700000 0.270000
0.360000 2.700000 0.360000
0.360000 2.790000 0.090000
0.360000 2.790000 0.180000
0.360000 2.790000 0.270000
0.360000 2.790000 0.360000
0.360000 2.880000 0.090000
0.360000 2.880000 0.180000
0.360000 2.880000 0.270000
0.360000 2.880000 0.360000
0.360000 2.970000 0.090000
0.360000 2.970000 0.180000
0.360000 2.970000 0.270000
0.360000 2.970000 0.360000
0.360000 3.060000 0.090000
0.360000 3.060000 0.180000
0.360000 3.060000 0.270000
0.360000 3.060000 0.360000
0.360000 3.150000 0.090000
0.360000 3.150000 0.180000
0.360000 3.150000 0.270000
0.360000 3.150000 0.360000
0.360000 3.240000 0.090000
0.360000 3.240000 0.180000
0.360000 3.240000 0.270000
0.360000 3.240000 0.360000
0.360000 3.330000 0.090000
0.360000 3.330000 0.180000
0.360000 3.330000 0.270000
0.360000 3.330000 0.360000
0.360000 3.420000 0.090000
0.360000 3.420000 0.180000
0.360000 3.420000 0.270000
0.360000 3.420000 0.360000
0.360000 3.510000 0.090000
0.360000 3.510000 0.180000
0.360000 3.510000 0.270000
0.360000 3.510000 0.360000
0.360000 3.600000 0.090000
0.360000 3.600000 0.180000
0.360000 3.600000 0.270000
0.360000 3.600000 0.360000
0.360000 3.690000 0.090000
0.360000 3.690000 0.180000
0.360000 3.690000 0.270000
0.360000 3.690000 0.360000
0.360000 3.780000 0.090000
0.360000 3.780000 0.180000
0.360000 3.780000 0.270000
0.360000 3.780000 0.360000
0.360000 3.870000 0.090000
0.360000 3.870000 0.180000
0.360000 3.870000 0.270000
0.360000 3.870000 0.360000
0.360000 3.960000 0.090000
0.360000 3.960000 0.180000
0.360000 3.960000 0.270000
0.360000 3.960000 0.360000
0.360000 4.050000 0.090000
0.360000 4.050000 0.180000
0.360000 4.050000 0.270000
0.360000 4.050000 0.360000
0.360000 4.140000 0.090000
0.360000 4.140000 0.180000
0.360000 4.140000 0.270000
0.360000 4.140000 0.360000
0.360000 4.230000 0.090000
0.360000 4.230000 0.180000
0.360000 4.230000 0.270000
0.360000 4.230000 0.360000
0.360000 4.320000 0.090000
0.360000 4.320000 0.180000
0.360000 4.320000 0.270000
0.360000 4.320000 0.360000
0.360000 4.410000 0.090000
0.360000 4.410000 0.180000
0.360000 4.410000 0.270000
0.360000 4.410000 0.360000
0.360000 4.500000 0.090000
0.360000 4.500000 0.180000
0.360000 4.500000 0.270000
0.360000 4.500000 0.360000
0.360000 4.590000 0.090000
0.360000 4.590000 0.180000
0.360000 4.590000 0.270000
0.360000 4.590000 0.360000
0.360000 4.680000 0.090000
0.360000 4.680000 0.180000
0.360000 4.680000 0.270000
0.360000 4.680000 0.360000
0.360000 4.770000 0.090000
0.360000 4.770000 0.180000
0.360000 4.770000 0.270000
0.360000 4.770000 0.360000
0.360000 4.860000 0.090000
0.360000 4.860000 0.180000
0.360000 4.860000 0.270000
0.360000 4.860000 0.360000
0.360000 4.950000 0.090000
0.360000 4.950000 0.180000
0.360000 4.950000 0.270000
0.360000 4.950000 0.360000
0.360000 5.040000 0.090000
0.360000 5.040000 0.180000
0.360000 5.040000 0.270000
0.360000 5.040000 0.360000
0.360000 5.130000 0.090000
0.360000 5.130000 0.180000
0.360000 5.130000 0.270000
0.360000 5.130000 0.360000
0.360000 5.220000 0.090000
0.360000 5.220000 0.180000
0.360000 5.220000 0.270000
0.360000 5.220000 0.360000
0.360000 5.310000 0.090000
0.360000 5.310000 0.180000
0.360000 5.310000 0.270000
0.360000 5.310000 0.360000
0.360000 5.400000 0.090000
0.360000 5.400000 0.180000
0.360000 5.400000 0.270000
0.360000 5.400000 0.360000
