960
0.0 0.0 0.06134144742640621
0.0 0.0 0.18350172656382124
0.0 0.0 0.9408367318867741
0.4411338231013132 0.0 1.0
0.0 0.0 0.0
0.0 0.0 0.688426088035602
0.0 0.0 1.0
0.06146432202383394 0.0 1.0
0.0 0.13308813288766408 0.29199818201283323
0.0 0.0 0.8133592183667997
0.0 0.0 0.8797009495644323
0.7580815450666513 0.21392796726235744 0.8807825124322384
1.0 0.14492159797365356 0.7404924539448124
0.09652526666480342 0.18856892532467698 0.397032925629446
0.12427198643970755 0.0 1.0
0.6703481710428337 0.2706698417978859 0.9043725896660054
0.0 0.1416894577245745 0.20672038318192743
0.08430238211920636 0.0 0.4064545263539599
0.0 0.0 0.755320301835784
0.22172967241857347 0.0 0.9334067743982221
0.8776291853391616 0.26139720855226023 0.36298703071755906
0.37826570628333883 0.14403327451711914 0.7355029438486566
0.5407729461782095 0.1406971041682003 0.4522990136976457
0.6645677644755535 0.14269324411956902 0.3832254381687829
0.0 0.0 0.12460503660138271
0.0 0.08102405358107061 0.23615179090048805
0.25616625762911793 0.14405597339190299 0.8038546701934207
0.2266042099926732 0.08136684233143016 0.6345533148475361
0.0 0.08347307529894434 0.15667766145479628
0.24686425519662616 0.2228003182248018 0.8756636541663664
0.1468604571108856 0.0 0.934426079247445
0.5452845705196944 0.07613177308150633 0.7793802933260473
0.13422477801401628 0.07698544328487339 0.5166503178420941
0.24769221669484065 0.260712277772774 0.807974238507766
0.0604998644460882 0.1455898602663468 0.7132053633019966
0.7883121238344142 0.08248599315081927 1.0
0.10353922298077974 0.07340494234457938 0.9443413720123408
0.22929931388949723 0.0 0.13541457117852168
0.5878736748138836 0.21439383356433697 0.8674100955349011
0.6753779232105271 0.20523987562951537 0.864982536219744
0.3546413343993335 0.08106155093488229 0.0
0.5552266940678502 0.209419431107585 0.5413904758769169
0.6197348169574847 0.24350951283665073 0.6702697950433935
0.6270357031406447 0.1420373759629813 0.45082049129977214
0.30019002611006035 0.0 0.2705249582200059
0.418231112741357 0.14862724581655554 0.6650040311792077
0.06854161142947651 0.08376458842796461 0.8824408204218845
0.31569523578103525 0.264100621293118 0.2672232845025885
0.04879639231338471 0.25344208997127043 0.3653537243925178
0.302380601899016 0.0 0.13624847776685245
0.0 0.0 0.5622505010139368
0.35679903052914497 0.15234004706790477 0.0631488542905077
0.0 0.19054114582729154 0.34436382701769364
0.08012306172154092 0.0 0.7904900726138867
0.45670755215049186 0.1440827806274667 0.8730729783188135
0.7512055744655878 0.20743608655509208 0.6794079331425329
1.0 0.2221756500280897 0.141142563854186
0.0 0.0 0.3092513029191292
0.5838865097036192 0.2098299181055132 0.4694612456084558
0.15173810670635088 0.0 0.7997090658838987
0.10888969077595263 0.25706782898723635 1.0
0.13335838256167173 0.0 0.7315398116022194
0.2678315048343093 0.07894521103835674 0.7010408671830368
0.562897205757826 0.0 0.7359303759468916
0.32889742465495386 0.14179420715435992 0.5205424389345268
0.0 0.0 0.37839018305440864
0.46385616177290323 0.2629537482309637 0.5897148220570931
0.18755681703013385 0.15009456842935004 0.187661331885594
0.071576941759127 0.15166876021079442 0.0
0.5005074480610978 0.1391723315079933 0.8068123184309888
0.5706453295186389 0.14331500058319505 0.0
0.36936570951328146 0.14395944544476455 0.8744990303179342
0.35881048132364973 0.22020103960966236 0.13274422308149045
0.13476278777229544 0.0 0.07084680589916895
0.0 0.16275151223508905 0.40747498771601626
0.40239151751896646 0.07789028185887327 0.9192482261234335
0.30367544680981545 0.0796497924741514 0.6357017724336012
0.29291926939178836 0.07737902216812435 0.5007158936017388
0.0 0.0 0.43614981245948664
0.2816092855769388 0.15222115275497136 1.0
0.2675330482332338 0.26907294136886284 0.033587779601688364
0.0 0.0 0.2512776296139298
0.21946798761029776 0.15060420678477435 0.5896821622015506
0.8237462038454598 0.25268462888158516 0.0
0.06155834424679258 0.0 0.34289730753460157
0.16430655965403518 0.0 0.533329919671543
0.7935643167797165 0.14433218548887086 0.7020561091118945
0.20208248863998657 0.0 0.7344681798104294
0.04642899881042227 0.2682386737001585 1.0
0.534824411931611 0.26332772276467054 0.8448740863677936
0.3656736577710583 0.26208447094375636 1.0
0.45366988624653476 0.14239443323759954 0.452676816146797
0.11325723959678341 0.1481040855144042 0.8694732996494621
0.15739087891196857 0.0 0.40170124623697856
0.26260006900798943 0.22672098625811302 0.6651811526180337
0.08999264461074832 0.0 0.6601272351295793
0.7674775151268493 0.1956521113118572 0.4400714750762435
0.052484130516710574 0.12750118493674317 0.3666863470546294
0.11211344726227437 0.2139925172611344 0.0
0.3957453498788366 0.07822565123124792 0.7708417411837464
0.6713957296900237 0.20703816299301828 0.4706177020413408
0.2835707161978416 0.1427536180012904 0.44707256780923793
0.4599952921440904 0.2238188337430047 0.6646858465913876
0.06352242434435727 0.0 0.721809779141857
0.4063973694807007 0.07632390454421464 0.30590077998275117
0.05820706693032828 0.2501145888213218 0.16803365913519333
0.2774585962325477 0.2261797060762542 0.9399504659410309
0.4550145020165818 0.0 0.6729754257009494
0.067762949978217 0.0 0.07529715408687021
0.19427348551388257 0.2629960964028069 0.7545642046640431
0.406729183432933 0.21576663915017574 0.18734199509035512
0.13513310588481017 0.0 0.5972595820944117
0.32519786119386623 0.148156703160522 0.9389325213440557
0.5033852694071026 0.20806476867349769 0.4666707571832187
0.2970569577570177 0.21114572150305666 0.8000864404894178
0.6220729700491409 0.07713516988370246 0.3801835968280315
0.7477037671385446 0.14700505575287418 0.3792173274508145
0.061880113255036895 0.1467213665364151 0.24629669610884583
0.20288139563953694 0.0 0.46617999326470494
0.37433265159255175 0.0776924719656221 0.5016466864407495
0.2002554271659515 0.0 0.33320075618320527
0.21024702630131298 0.13544000892222058 0.7353040452074346
0.0 0.08362169161782164 0.09023869676111651
0.0 0.14962376418770482 0.507925227858465
0.14860842996037704 0.22461387232164548 0.06925373723827814
0.34688854358373666 0.07858087511804882 0.7019716240755677
0.44791195570911047 0.22171464803454916 0.12924931164853545
0.37289851631162363 0.14177803000418007 0.5907693796705676
0.1411807440732537 0.21593522032762488 0.34405804168601944
0.0 0.16242252435282775 0.926107294652351
0.34345042617190513 0.14722301074163538 0.6646429816603979
0.1882753774056732 0.07709377081492741 0.12080472619480118
0.13174071787018818 0.0 0.3361906169231152
0.5805003716367985 0.21106463398293993 0.32663253856029956
0.06110582107753217 0.202936810116936 0.7746020243911568
0.08343612491759281 0.0 0.27549245336626244
0.05926328763834134 0.1313680126152103 0.1253084577639418
0.48751144570279725 0.0787527797214752 0.18001854932370945
0.05945550130680954 0.13802038909869385 0.8172611631725132
0.24940819888411667 0.14480486212792645 0.5178449136827741
0.5839008457365052 0.14282351476257446 0.5174294602890316
0.15561532836595765 0.0 0.2675743297909706
0.4181694319285184 0.14376788243532074 0.8058578840295656
0.5055960766650659 0.2059767048752151 0.6086799689240707
0.10081945060138985 0.1513038792760121 0.063646124816673
0.07717282472486779 0.22979149534280974 0.23768730532085727
0.22066158693622123 0.20839214055981908 0.3162874737843351
0.4114454375689957 0.07768010375627353 0.43635598481079163
0.27285120928965345 0.1524449657772164 0.18846288849308968
0.0627229528072214 0.0 0.21144991496878068
0.44782597719225603 0.13935366950998154 0.3183595557232595
0.2027199171301408 0.1404622592580783 0.4535296624898724
0.0 0.08279235035198654 0.5474212786906223
0.20432759183332908 0.2260714182156067 0.6127266614076599
0.0 0.21371318513569715 0.0
0.5008379820046069 0.26340422482470677 0.7846854248556366
0.09986911104303536 0.07256141610520754 0.11885963288690764
0.38332639014009195 0.07895199105737195 0.6358641212456186
0.29168152274362397 0.08212522635988777 1.0
0.4521966636899123 0.21401980334720802 0.9281478837597558
0.3294329164294652 0.26239522304430657 0.0
0.29195904592854394 0.14610366305171993 0.59116812527335
0.37364086849038486 0.21290527813133486 0.7842496876411826
0.4115612211495448 0.20622332969994978 0.46784010494347206
0.15974330071658321 0.26292576813451335 0.010026112705623601
0.0 0.21462432937897988 0.5471166802230071
0.46190779413915106 0.07845458920638892 0.6362323944395175
0.4587026379764926 0.20513705754315517 0.5379019226009005
0.10364899730419634 0.07484921198474685 0.36885134461322033
0.3362276576954562 0.07742533903395298 0.569121113740184
0.4262752764553147 0.07942174317016712 0.702070542099131
0.40166566481707244 0.13932710364282128 0.0
0.17366780856122171 0.13374286710969305 0.8102546097430581
0.4592645682887411 0.20770778872129875 0.7946574076170875
0.10601826765101824 0.13194839087700358 0.3105030190924684
0.4040095964705152 0.20670550061047765 0.3276631519160008
0.0 0.13319658374181348 0.6712270802943419
0.12514390437422634 0.26432941933826737 0.5105874116545254
0.2735441539502083 0.07720399374720492 0.24590310897866352
0.3292633245605972 0.07726716410481174 0.43547669013962625
0.16623343860341994 0.07518577477573987 0.7692148556423011
0.36040429343184055 0.07731235734649328 0.24319472285082455
0.25788949951841295 0.07804487111018624 0.5670012844399561
0.04282440363248329 0.23573754046893336 0.9315925186533508
0.5840002655782046 0.2649535600563532 0.010396026444043117
0.1360760235192203 0.22158972700029198 0.278572722482865
0.16270169052803937 0.19503890177820302 0.7395245629474763
0.4908457651919837 0.14594065791319027 0.6637529538458442
0.3702100552252435 0.07813437604650098 0.8441884220688912
0.0 0.21521392221004618 1.0
0.0 0.0791550952477126 1.0
0.5386190514819598 0.2078339600928463 0.3956953211960364
0.0 0.08243481462624719 0.7939044807968201
0.4968808777802593 0.07753938192171031 0.43893434001842324
0.18893717958059178 0.24154187546592237 0.6842201524927134
0.5414644941643277 0.07755971056035679 0.6377263374220359
0.3726601470941338 0.25582047569960803 0.835704085999128
0.0 0.14947957024700378 0.5825448323443166
0.13177697949422917 0.2673918571244494 0.7801902393071172
0.2956007583569403 0.07922995451422829 0.8453081495211676
0.6990358687920178 0.2078603823017955 0.0
0.0 0.08868646915532731 0.9329359016685581
0.23651903385161074 0.07997619011661408 0.31050896581644244
0.24690667183437412 0.2022687177532974 0.7347788544620887
0.8641892640805816 0.1990307626423225 0.054346819723652406
0.0 0.2017395171548191 0.6352203103474641
0.4937188091023094 0.14016694490156803 0.38641965163241215
0.0 0.2015377488261618 0.7179402104655421
0.0 0.21528698153886863 0.8042404955363971
0.26739462590621266 0.15152165869202167 0.6655328818050428
0.13436910255222537 0.22057687629501885 0.6449705768925205
0.4612893084225433 0.26655509992433546 0.9974018180786911
0.8701237454442782 0.22217690763877182 0.13807731768251677
0.0 0.2634816857800662 0.7478222849894542
0.15351241950694627 0.08084567750721221 1.0
0.06258147209220656 0.07782584768939613 0.7596795087255896
0.7767315523417061 0.08210937732481481 0.0
0.13938973823183404 0.14624791201184584 0.5988289228051029
0.0 0.2303618772842714 0.8763998826432557
0.06748486112623962 0.08820405079249301 1.0
0.05157673039675894 0.07389010143307537 0.28753262731034324
0.18024261595221613 0.27192710594741754 0.5427775704282942
0.15279169590101696 0.1461136580327518 0.9331177471379887
0.29757894729643397 0.1399094843672347 0.7374031701688459
0.5755114073241865 0.15018396440455895 0.12454405205811021
0.11768034529278194 0.13846597246452297 0.7610761319786539
0.05301125106328388 0.26910265200008615 0.5690466638975322
0.10789769159675452 0.074797558864007 0.8174717643996372
0.1446539538615869 0.14660522031095338 0.24560619898135455
0.744144828008403 0.1490970477126369 0.0
0.12984780252664574 0.15029192806679437 0.6803406349911331
0.19102120218138238 0.07795894952403556 0.9322027215194235
1.0 0.14704739054255855 0.10693665697008498
0.0 0.15760940641342927 0.8504320861900226
0.08745755820041551 0.08253356010088837 0.5819606454384054
0.18960146531122407 0.07764824278280316 0.6956258266012184
0.3646327159758521 0.20943172186985784 0.0
0.15394792390956608 0.0817431430860722 0.8719660765305713
0.13499746448109756 0.0783681400367085 0.635046255551278
0.6145345359579406 0.07768270647858865 0.2506883720275543
0.6836573440484536 0.0 0.0
0.06283378308014752 0.0 0.8565947453698144
0.19576450533235362 0.0 0.867278395370376
0.5336691678436299 0.2125636815683812 0.2544328798765406
0.12161031385084911 0.0 0.0
0.06066947109336661 0.0 0.0
0.5038903848323 0.0 1.0
0.5432104048246384 0.1403988779036925 1.0
0.24674408270714598 0.0 0.0
0.0 0.0 0.6303501641745431
0.3679896818622231 0.0 0.932565348654134
0.817104563999911 0.14155612161922757 0.786029631509757
0.4341493042008556 0.0 0.0
0.8424680559132816 0.0 0.06122675555987459
0.8108875382585241 0.15098854366770148 1.0
0.5664661783120987 0.0 1.0
0.5585488952512421 0.0 0.0
0.3092473055442825 0.0 0.0
0.07446132966029964 0.0 0.9307113745735743
0.584115858296651 0.0 0.9309587390045769
0.13985022634519334 0.21366917807896277 0.5627923660680098
0.49631407156813967 0.0 0.0
0.7545194599160362 0.0 0.6693386485334476
1.0 0.07849867224950008 1.0
0.14401546261497455 0.14467165801384033 0.1259748966312413
0.7528404884676256 0.16398993041645238 0.8163193731492643
0.6967735771950355 0.0771259134309042 0.25080469814895423
0.9426240834155143 0.16177258489581317 0.9557949424206543
0.8376629528158525 0.26660855720409005 0.25460671472929214
0.18425709616316407 0.0 0.0
0.3153588427416939 0.0 1.0
0.5855757714975002 0.14956104880190202 0.9345190292682853
0.31998505092789914 0.076868758655153 0.7722123633656686
0.07789852962909963 0.0 0.14019808498374098
0.0 0.0 0.5043739524009603
0.25181985764088277 0.0 1.0
0.6581250543459861 0.2672847602177039 0.4376501825667235
0.7233724089414336 0.0 0.27185624382489626
0.18848257601728785 0.0 1.0
0.37830190024919813 0.0 1.0
0.6714168220489453 0.21247051247210114 0.633096973072082
0.7098453630238578 0.0 0.6055715348291141
0.38280614315116057 0.26972916127001295 0.2944583557271916
0.9378830679423656 0.25844693246995887 0.9295480699380105
0.31573768666684954 0.08010549922950307 0.1825668738750501
0.06253085399051649 0.0 0.5967765779717664
0.1276459783630242 0.0 0.8672647062793557
0.33613205114597683 0.0 0.8675598453764782
0.6598392091673756 0.14132958462048 0.0
0.44752106569116085 0.21096309284018885 0.2558872008538945
0.26513460770745145 0.0 0.8671276354326523
0.6224358563593808 0.07839021450533117 0.6392799005776698
0.6812661207227916 0.0 0.3380054965160547
0.4911798808922455 0.2043308763091331 0.3245039461496398
0.4056239230065854 0.2700677961067048 0.9431782235065019
0.5078489124844003 0.2589003964635503 0.531098016590203
0.0 0.2049263088598063 0.26460863877652957
0.7483632282623434 0.0 0.34127499994719235
0.052340660968761804 0.14731340281629643 0.45304027875452446
0.37242134691959494 0.0 0.8023072916914229
0.26206322091390405 0.07912920389230867 0.9176304419590342
0.31369588917747215 0.14772988022656566 0.1260287241976008
0.38193008584300825 0.23102705194952844 0.6708008699002226
0.7213648667646194 0.08189942474619459 1.0
0.3986451968041398 0.08029929720250066 0.056854822158861874
0.20426775702037483 0.0 0.0707557776871016
0.5367912574930487 0.14091698219584436 0.5857414790156896
0.7052845977594618 0.14430913975704804 0.3166342764761141
0.36555164328944817 0.20897724514452073 0.2522581819280712
0.41146408290358577 0.0 0.07187692855359307
0.4192839409880359 0.2674049773446267 0.41076326251356693
0.8847296079696584 0.15301663750826364 1.0
0.5498668623078042 0.0 0.06926746480117608
0.06200190991177454 0.1410397246094878 0.9347910423423484
0.27245993141983493 0.0 0.7367660696693894
0.5824751975564274 0.0773646130097981 0.5720001056634859
0.0 0.08112485085042999 0.6145925800694982
0.2267147330451827 0.22443501160511536 0.07000381227163471
0.524343934934589 0.0 0.5419207363891942
0.6312888241489195 0.20497675062368456 0.7971960247116675
0.8275410997454341 0.07548961764281491 0.4429015478975266
0.44207751195887285 0.0 0.14086632915700786
0.24653752398029916 0.21215011202116696 0.45899352601886123
0.5856893075712527 0.07753089786358983 0.4459763346078049
1.0 0.20953739998983442 0.0668224050547654
0.3067356174572593 0.0 0.540698728652834
0.41155309348851815 0.14624203146003567 0.93865622743369
0.45702686248683877 0.14231773848590418 1.0
0.4796136317981772 0.0 0.07069144479593792
0.08869704835000261 0.0 0.5349279047817694
0.1621910282669864 0.0 0.6655619532039408
0.5422399307632074 0.22582161867201045 0.6726027363996536
0.6113582791574537 0.22479663230594846 0.12901329336324968
0.0 0.2236446012949298 0.19635467529154754
0.47547444285715557 0.0 0.20795744788967568
0.20511650347130897 0.0 0.6021178149662898
0.27480181751423044 0.0812850112172671 0.0
0.6524225434212674 0.0 0.26885543332585576
0.3790143035341982 0.0 0.5438006769786142
0.365745844030823 0.21670820892892534 0.9307978789512198
0.9339796767732086 0.1359120397865285 0.3866773330498231
0.9864389345131358 0.26411567832337074 0.7217758445229374
0.23560060836749422 0.0 0.5360009165558374
0.5000475033730903 0.2689050607972378 0.9337434714319401
0.0 0.21231690189308883 0.46925199821767544
0.15368615016408368 0.0 0.13561216593217126
0.062277498998140314 0.0 0.4722709161164923
0.3302373889832714 0.07816479426633968 0.9203076448463663
0.7200721302077459 0.20649764646830243 0.12219925521079332
0.2284509364184905 0.0 0.2672609041483585
0.34628641390660736 0.0 0.608298374103273
0.23479418973334612 0.0 0.6695450178088058
0.7967366792996022 0.1332875744692191 0.31684059577328544
0.4143427308657449 0.0 0.4791345641884682
0.42715459185384674 0.08239438678378559 1.0
0.5887821022327444 0.14046091408494288 0.8036783239171447
0.10256665174290351 0.08400377952284112 0.0
0.4443965298604083 0.2066755161672654 0.0
0.8374024061250359 0.2228179020438725 1.0
0.7494971548858637 0.21318682801568467 0.19554558123816104
0.0 0.13629386463131496 0.0
0.053195604564800825 0.08054571174279535 0.046368939246234385
0.2749174139541981 0.0 0.6052842167672879
0.3595316171539841 0.08411503777936867 1.0
0.317701258355881 0.14451977764030333 0.0
0.40726676062830264 0.0 0.3462798192318015
0.13312334692807679 0.0 0.4687482914060467
0.23001646015209012 0.14889635408945903 0.12520408245634035
0.15062084814339127 0.14323016497968077 0.0
0.21837320436059954 0.21655000926103546 0.5304308084122851
0.3733363813566997 0.0 0.4121891427383113
0.9149653596683107 0.22197610465462822 1.0
0.8202783384816626 0.25624311788188026 0.41456384662872486
0.0 0.08350838459862892 0.8646467016309948
0.2722486448120625 0.0 0.4712260973088498
0.5845731118840111 0.0821023260142623 1.0
0.0 0.1527441308222472 0.07142124334890358
0.5158363406228121 0.0 0.4095002574722736
0.0 0.07502208058055397 0.0
0.11368373169622019 0.07804805220887046 0.7041883452781592
0.04959453676368683 0.20664504346365628 0.06849091438956527
0.476379392308008 0.0 0.3441423361885067
0.3383048706105652 0.0 0.20565044251120065
0.46341656154938965 0.25972216272059595 0.47202081016718633
0.9456100730210752 0.22256503062892846 0.26003418940191775
0.796372928044258 0.23965796043004678 0.55685741626444
0.6280301953154629 0.2652242876160648 0.5844193479922638
0.6592481376778797 0.21338738724574996 0.32383601833406855
0.11321166031090497 0.20662230750845154 0.9326001075739387
0.13011956623751583 0.0 0.20127035707802163
0.23546958479363683 0.13871645146955544 0.3790944504475717
0.45170699644745665 0.07768455972538585 0.37275723237366115
0.06291493786149778 0.08344203863041931 0.1869441336718708
0.1972511917682956 0.2149026704759655 0.24153712309906344
0.3381205825645458 0.0 0.342442628174924
0.7459454894337102 0.1459037853106058 0.5220592691336159
1.0 0.2276881417201284 0.296895487731094
0.3703714696902186 0.0 0.27679977517764814
0.2693298668109093 0.0 0.3356957472368286
0.5673787758776627 0.2594347464938759 0.7519114441306474
0.2654587322134958 0.2617927436614744 0.3265546883848254
0.09726492520557663 0.16225944214716875 0.18782740579399598
0.7315456468907783 0.07863241834423194 0.8424198808867458
0.36844100704516547 0.20732597063529062 0.5363567680975353
0.9369050181334617 0.2239347789832915 0.17649385861791692
0.10312650942294907 0.2416791265936768 0.7254607488748889
0.6618823422645169 0.07723107592121244 0.7005220384821329
0.15969155626374953 0.07777807190677949 0.4401026979100428
0.6199356553604722 0.14392936701610062 0.3165735546769995
0.2689772402395252 0.0 0.20160881775784553
0.28229907348180067 0.07688318993398223 0.3719305111397291
0.778118329110825 0.24738907951708042 0.8080344052174658
0.8033580717461952 0.2623731089649024 0.6913544010821776
1.0 0.16214056324990966 0.40202550363487716
0.5042598626907809 0.08259230774460287 1.0
0.4899488650524173 0.2212332385536913 0.06569420273174868
0.8084428181809411 0.26656648867154864 0.31315770429283385
0.32336312032889575 0.2158900044087871 0.8730115640570997
0.11772252939407725 0.14141227296582595 1.0
0.5436927870476974 0.14879513615850304 0.8691604405760639
0.8690894699226012 0.1954989042059057 0.5072586687840636
0.32130200376711826 0.21643021478525362 0.19040682027395336
0.7606407242171944 0.0771192955649701 0.913168418518848
0.28590028155892583 0.1487501686011577 0.8709250318083251
0.05043404011314365 0.07070651733638826 0.662916852306496
0.6522636562065216 0.20511919482882537 0.5531571110833435
0.3576405525200045 0.07995903724026598 0.12189354820743506
0.5034245151610205 0.20547757246407544 0.7254572494069761
0.8135838750719344 0.18268396436032272 0.0
0.9909042805792955 0.2652091137513053 0.6526902418568653
0.5459736272033222 0.08013366577816032 0.9325487112116776
0.24284209499629122 0.07650557151533004 0.7730140788563764
0.9361807823364051 0.20805145868953556 0.36157161538004856
0.3269683005962693 0.20936049837019108 0.6201451294109814
0.08083407174207548 0.14563549975593884 0.5435358159004352
0.514389342295982 0.07941522392048274 0.8580841288580363
1.0 0.2165511520137794 0.0
0.7280790818595363 0.25774086206103497 0.45454901672850045
0.8054331477415291 0.13514711920425612 0.05566173415704915
0.17906061473097334 0.0788951873932706 0.5753796057511998
0.6330691613059352 0.2589317430173638 0.7519488979096721
0.6610596056300049 0.1484551287905671 0.12347814284016194
0.4050789822025396 0.14042669329772897 0.2508976141933864
0.5459484734606201 0.20294205102179955 0.7960983169052229
0.8779407765461602 0.14005666404885936 0.0
0.07088199053203323 0.21312785792215955 0.6719361330570869
0.12336778992242858 0.13881353000853436 0.4659012952974211
0.1594232703943054 0.21560491430333079 0.8775413008911717
0.6104836191860573 0.0830502481004576 0.0
0.20587721836718914 0.14833470784498493 0.8756776303861156
0.8014936091296377 0.07472464765320935 0.6525665731096512
0.47177324152413674 0.0772703922195158 0.7734329502855302
0.9329694248086383 0.14726115063025377 0.29851747180816657
0.0 0.08166025368014489 0.7164864078528419
0.4253649861323813 0.26773260492934 0.02447060257802346
0.4105917551450504 0.20990550380957212 0.8600398232233085
0.9332909278312489 0.18865569375590927 0.0
0.29146030151771557 0.2126616560867779 0.5412801327803644
0.0 0.14866531329865665 1.0
0.41701608180461425 0.07768645683513714 0.5678841883257281
0.7580942063756362 0.24886813407145336 0.0
0.861412674600757 0.14959184234968045 0.17657262858278727
0.7147540232333169 0.07614414250237025 0.6408059596555009
0.22406546252894666 0.07961091554728278 0.8456467200062201
0.4921732638508331 0.2661278059420546 0.00807507599836392
0.06518296845104368 0.19101540543397758 1.0
0.3391753457634798 0.1443651670193168 0.8057965893787755
0.2352246825617743 0.21713656828655634 1.0
0.710310560674903 0.2630310494861959 0.05671521664973344
0.16966941420316406 0.1456080132147616 0.5280260226430389
0.06370985135080477 0.206785889819062 0.8698448328563337
0.4432108879634517 0.07779619526426304 0.8462897952423936
0.843794349922171 0.0805341960712246 0.0
0.5399108671414211 0.2624855203816812 0.317329054407405
0.2106971142007572 0.07776468222541509 0.5036078905384064
0.24088988954340543 0.14894753376716105 0.9389548075391562
0.9473460411584925 0.26538136124963535 0.0397907844099244
0.5710055424620541 0.21607831178121933 0.19116282332463022
0.06914342861800278 0.20364508289689545 0.5932126978358465
0.0 0.08224623033544629 0.47019018635602555
0.9351276264134725 0.0 0.37431305580890684
0.8738116589293817 0.0 0.5452460909450192
0.44543662173919113 0.0 0.8019710665052401
0.6547234631553884 0.0 0.9305211766047233
1.0 0.0 0.0
0.9371449592517922 0.0 0.22190237947423322
0.7937046192685341 0.0 0.931090282576799
0.6290133808384906 0.0 1.0
0.9382719068482989 0.0 0.0
0.7461291455990317 0.0 0.0
0.8734253990906709 0.0 0.8093556249897838
0.8137699150280452 0.07697963688711537 0.8422648684038525
0.8761544303879651 0.0 0.0
0.9241269709952836 0.0 0.06920639720477512
0.8605773728284408 0.0 0.7377210915614931
0.8790673194362009 0.0 1.0
0.707506455685428 0.1477717378678635 0.06281410605241983
0.8522897882516414 0.0 0.4750643600144902
0.6290238382136148 0.2196754711354403 0.9352936876529194
0.9258013971704698 0.0 0.8596757485296961
0.7499104433144096 0.07905399126080018 0.5754931030925817
0.9358263615379503 0.0 0.13837293149719293
0.840051715202642 0.0 0.8694090829530677
0.6913261237546355 0.0 1.0
1.0 0.0844606176787083 0.28546578781523996
0.5847671388206823 0.07980408404250994 0.7045364302918037
1.0 0.14525390420909698 0.8243925485694846
0.8163846846657982 0.0 1.0
0.8090855465372854 0.0 0.0
0.5743635500481372 0.14415593392316167 0.2517533884026606
0.6634910695907063 0.0 0.7977629252972012
0.5126733285713853 0.0 0.9313055435928571
0.5398827026742802 0.07763227739130975 0.3793440623533502
0.5748535964479334 0.07804751433902561 0.31377999382653177
0.6972497157873465 0.0 0.863380608790201
0.44065861694773556 0.0 0.9319923163522299
0.6958859157306331 0.13794571509099088 0.5960510973896872
0.7837344789675356 0.0 0.6097529205798258
1.0 0.14421576284357804 1.0
0.753866282604701 0.0 1.0
0.19586057187792366 0.21101851136877262 0.0
0.7944141203077527 0.0 0.13201969788543966
0.4801412258648232 0.0 0.8668725180105811
0.5530483818896287 0.0 0.8660177190703854
0.6210716683530791 0.0 0.0
0.8652776832594375 0.0 0.12163315535292582
0.7341024611661268 0.0 0.7958825610327944
0.6289748501225665 0.1423840761498161 0.8707929612918344
0.7616912439176554 0.25711097083120527 0.25617631788135653
0.5732447136795411 0.2253890722933012 0.0682140420183646
0.7085973080130873 0.22399465290958595 0.7875319619174225
0.407784014692071 0.0 0.8672525309508259
0.31779743261484433 0.2221551525960907 0.06604517377053575
1.0 0.19957695946244494 0.6890849022993546
0.4459249450467011 0.1462848099905486 0.18624891840607363
0.6255232617996559 0.0 0.8646913006545427
0.09981154705872086 0.21341220933805566 0.12590412580299823
0.6661334423928251 0.0 0.5381639092583594
0.4459481034443886 0.08164242933704788 0.0
0.6178990007978183 0.14200311159376114 0.5873898942571985
0.3717976232191507 0.0 0.0
0.0 0.24416555350373323 0.3994688341791409
0.7330598150152485 0.2651611545876882 0.6273311504661206
0.7161711014730847 0.1409746151883433 0.880083874268201
0.8551256166955505 0.20197633974289744 0.6883361506290854
0.6942296883992085 0.0 0.06898969219061514
0.29904942675022433 0.0 0.8021873184594435
0.8293165854170995 0.20142939012089855 0.8438003774469872
0.8037374750035946 0.160131128730523 0.5596810175183974
0.036316839503504145 0.25587096047868374 0.2857069307815697
0.784269039402205 0.25734427281445327 0.9536354780776682
0.2948367216924012 0.0 0.9328997124889444
0.45254881723783713 0.207135536991204 0.39742164492051607
1.0 0.08427354184061536 0.3526687803475997
0.6364778517543063 0.0 0.6044034111983734
0.5185028977389906 0.0 0.801752612686052
0.9346869315698302 0.13689445743263812 0.6039754763143599
0.6766819741358171 0.0 0.668019958864715
0.4920084103568761 0.0 0.6083473377300477
0.6359055647472716 0.0 0.7332608793905376
0.6135297869983489 0.0 0.3364613686518348
0.8141258429713618 0.0 0.34159046149934574
0.5646362132920161 0.0 0.6062530968649491
0.4168458005624277 0.0 0.7373623402411533
0.449149331997645 0.07709740869642172 0.2440806635624936
0.8660605447017938 0.0 0.4082548694323802
0.5289070895373719 0.0 0.6722010245864875
0.34425930783669967 0.0 0.737356883137693
0.6165350887204635 0.1511001069206775 0.18777045370099313
0.6675480453655738 0.1403936514375476 0.5180897495843932
0.5954388500260434 0.0 0.5383884951414105
0.7322423753087554 0.14762301134908581 0.7496149862670533
0.7747216294823708 0.1347844471273132 0.6267758199546607
0.8763363836822101 0.14027995944958763 0.8372924633487228
0.19918720843550236 0.0 0.20061852969503574
0.2251145698159056 0.0 0.8011457476620356
0.28979495810263134 0.25693457553098076 0.7404575905871521
0.6537596999137983 0.0 0.13348193781795523
0.5580072679658987 0.0 0.4734748289961166
0.633669445214774 0.2646861630512959 0.8504465803917889
1.0 0.08342054955146615 0.1500553316002213
0.15877121340806927 0.07782855598818328 0.3079519327267235
0.4902561963835635 0.14182184719439841 0.25198682407328804
0.41905617628423997 0.0 0.6088703875537034
0.4571990936013683 0.14273147384878096 0.7362308952281768
0.7177666332254128 0.2166135638927325 0.9392246133528361
0.30736750121815726 0.0 0.6720104658425643
0.7942565144046527 0.08093291865226973 0.5099200310564951
0.2685642766014046 0.24966088414044363 0.5951868175772141
0.5823204058638854 0.0 0.13453934153672317
0.38114040778995345 0.0 0.6728991762458983
0.19996624335833382 0.223102988851191 0.9340821589393283
0.873087754600634 0.19745065772754986 0.4122854047983253
1.0 0.20336837325082513 0.609005003692998
0.5925392647191664 0.1951350497618924 0.7232635846735957
0.19716459328015293 0.15205787861403855 1.0
0.8171560333247376 0.23301616344865406 0.18422842448050786
0.5115150332708654 0.0 0.13710260166796148
0.45199939319317806 0.0 0.544020135398388
0.7930903472794307 0.14696506998300307 0.1989490282442443
0.7641039141497287 0.20519821059372395 0.060831865268186604
0.4865383171697744 0.0 0.47775481138588555
0.5299623107849399 0.14668654126319447 0.18730577172461954
0.5332511214755035 0.2662124232994922 0.9997316637477591
0.40277524271492865 0.07814924333439634 0.18041695118216705
0.4406704505442324 0.0 0.2778752424701147
0.6940160562029771 0.07777746940382865 0.7692084423969627
0.4072949236340695 0.14192165873217916 0.3854556821431226
0.8912211662831082 0.27200080214923333 0.07446490940153044
0.8233266961949981 0.0770992408527277 0.7276172930321467
0.34280326125305877 0.0 0.47654228933025583
0.08055514080634475 0.07901627794959225 0.4305302083953902
0.34312303033957997 0.0 0.07044313744350168
0.40668295921078773 0.0 0.21029764981083524
0.8193046271920439 0.25461821784993904 0.08607268829994338
0.8818932037834072 0.07276207121144557 0.8749436067826795
0.692359944362585 0.26626837089996747 0.6843040268862033
0.0 0.1442597466803643 0.762684235430602
0.23070142229258414 0.0 0.40088431111118616
0.3289212616055548 0.21095639962019952 0.7137083097339411
0.06721453721400722 0.19549025817066334 0.31750693405127006
0.20174267779015656 0.26164286562122646 0.44834261983886103
1.0 0.13792606858896775 0.6499630232522616
0.5883995534059182 0.21165393117847656 0.6137906233568218
0.6594815510002408 0.07904350456866048 0.314361596148295
0.23362399002107165 0.14176358651803744 0.0
0.801020420674537 0.1343210974981082 0.8736421394372683
0.36690752939423515 0.2636979725514073 0.45634986423968105
0.8702685985351997 0.14833383898755875 0.33836074248008896
0.7138252676677305 0.14219441251040446 0.44920059283714564
0.36607827902322043 0.1539641346847528 1.0
0.7155032980050772 0.15269578478646792 1.0
1.0 0.1558979064029604 0.25671823248841313
0.8594611022096172 0.08300697236220893 1.0
0.187762225596907 0.08177846978631712 0.0
0.9298958833221107 0.08739387853585033 1.0
0.9443553911607406 0.2684170977348413 0.6039472366572831
6.106804039050128E-4 0.2649023813295809 0.6153006294210743
0.6184070469322801 0.21153536951755667 0.40178656742116
0.4136884808563791 0.1421820217166776 0.520804504610323
0.703245172327717 0.08303983606164458 0.0
0.745360532147341 0.14496343805891496 0.2529072781439338
1.0 0.20875926817617227 0.7795435157877412
0.6180766573283855 0.07950143041800242 0.9235055554823195
1.0 0.0817236210938425 0.0
1.0 0.08231387831601472 0.6013133234516108
0.6178958622192235 0.14859545932458157 0.06268024101873325
0.5067412391441581 0.07858881986297336 0.7034252590316241
0.8102427094507095 0.14446571625512605 0.4781693576901481
0.4879829442731389 0.14254768574478785 0.0
0.027332342889897228 0.2669398793101524 0.5067372487776108
0.40750691202110706 0.2689407149969967 0.5485270326024091
0.6787081492520213 0.20598792678864022 0.723025747045838
0.9374003571238513 0.14661527524218418 0.5145989219039077
0.2753972347141619 0.21128037373531128 0.25319676073972636
0.27508640279926144 0.14411618733884662 0.315024553117537
0.9318047048187729 0.21009316696717978 0.09557925277079575
0.6478087188065872 0.2651924478764417 0.36884756860331563
0.0 0.08017806151284186 0.33671640383005413
0.532715712484821 0.21134431959474448 0.0
0.44502517469087916 0.2655359879435897 0.33310088929148773
0.23158216563234585 0.08103726073389336 0.18258942146583923
0.9116739842885341 0.07575231424030406 0.4094786147239563
0.4205204702542521 0.21462767829938276 0.7267832995960544
0.8940351205817857 0.25222651014721664 0.0
1.0 0.08418492102225507 0.4179311937895765
0.8765794486973971 0.25906861472760345 0.8527746243557276
0.19680947239709137 0.15802889563692157 0.6607687281176842
0.8101394538270889 0.20327527898441713 0.35454433336369295
0.0 0.17356676796695156 0.13838695054827102
0.7994935993908301 0.0805422834796215 0.15930431507984094
0.3198384296620197 0.0769848114620773 0.3069259200871733
0.2753062207168524 0.20737842943045787 0.38497911788328804
0.6579030771731142 0.21559167633894386 0.07196303674034098
0.8215308092644507 0.07747946918424763 0.5811310816813379
0.32239371281033663 0.14217741118791888 0.38211890111020336
0.49318205351704714 0.07707023634488837 0.3112833772451089
0.7445113900821062 0.07882495199370047 0.7063315988093603
0.748310365831472 0.07833961771343809 0.30625172513932647
0.14160440165574653 0.22204001519787855 0.19007763841986355
0.8786455391676293 0.2095744944988639 0.22417840360244998
0.4845414397577967 0.26485255679755 0.26729213880954134
0.6265440719774854 0.07732623510264969 0.5098320047346893
0.16193717197397672 0.21755745833052903 1.0
0.7023490263319815 0.07754685707323516 0.3774955040962635
1.0 0.23803821356759428 0.36521996743916246
0.7574935611951702 0.25373746636407296 0.3796663577397281
0.22915899743160786 0.14160333279664153 0.2535605869937103
0.814592046139077 0.0759404368207923 0.08889814967411933
0.874737350550421 0.21601084099332526 0.3036524270152752
0.651097612758955 0.08099637451358116 0.1860353927493313
0.3164354358598785 0.1425824240701704 0.24898125635020882
0.722884027411549 0.2657382248041859 0.8465361408714079
0.7427945965506484 0.07815835466675153 0.06702477504860242
0.06753604254730297 0.13469116402799647 0.6279397517110485
0.41082498856216315 0.20845033693577456 1.0
0.6107944161074679 0.2515751087258376 0.5142960214502389
0.5323691294309169 0.15388286685113386 0.06415616187187989
0.812552540163462 0.2310336724037454 0.48678522316820244
0.7110881842191354 0.07706790154802262 0.5101141832767977
0.7539931282930685 0.13494000524359834 0.12439419049574879
0.6308497089535828 0.26907298379737843 0.22119054368207133
0.8800124078417496 0.07136209667521629 0.4920391433135341
0.31337094915407177 0.08047561281708718 0.06041698888350244
0.883997080678772 0.2571857986014177 0.4498600803113252
0.9314587384841011 0.07947483470745514 0.18765296471124876
0.6969667478819318 0.21326333093518873 0.2582321174944629
0.5320760204884704 0.080408064645746 0.123043657326257
0.8740863998483085 0.1414090972950511 0.0946460575733433
0.8883152279916376 0.07769632602638167 0.6116374135581663
0.4569724948784361 0.07784696493798215 0.5017270099535374
0.14413860712759838 0.1343760665436491 0.38536764215676245
0.9324504960745371 0.14847513239894464 0.14428706825240856
1.0 0.23369007815653506 0.43387959985972574
1.0 0.1532475926288062 0.1833246027046244
0.22400547705929422 0.08278142151297241 1.0
0.5033073598910985 0.26126230643912784 0.38245824343499235
0.23862978560672762 0.22688790172614046 0.18288972324839622
0.12400979302216411 0.2057857779323292 0.8132188117691966
0.48720608034759644 0.08182509152508934 0.060063488944958485
1.0 0.0 0.18520540495378318
1.0 0.0 0.3153142028903981
1.0 0.0 0.6285953003466517
0.865965370764656 0.0 0.9309447528714021
1.0 0.0 0.12143150874822123
1.0 0.0 0.25071954129835294
1.0 0.0 0.8151766061392272
1.0 0.0 0.938908362617464
0.8519594351873249 0.13344562468773077 0.6521691311472227
1.0 0.0 0.37898297320857516
1.0 0.0 0.5024531847232735
1.0 0.0 1.0
1.0 0.0 0.05877995278929945
0.9354688865809987 0.0 0.29346986948886683
1.0 0.0 0.7493373592520568
0.9405246334326471 0.0 1.0
0.8559217990884712 0.26049484635069614 0.7369678244675296
1.0 0.0 0.5658073137901454
0.9168756160977344 0.0 0.6526601397928049
1.0 0.0 0.8750212258254981
0.9267631321885681 0.2509500950718349 0.5011913604976903
0.8539861271765908 0.0 0.6139472215969056
0.9235944548681415 0.08405325389761026 0.932724480170782
0.9319146101757309 0.0 0.9242287354659964
0.8215171569469005 0.1422791375469266 0.40280893332542045
0.9334590858582414 0.0 0.5888234065098803
0.9365157143352797 0.0 0.7840993710886354
0.7246414076064176 0.0 0.929871242986964
0.48706397790936273 0.21675321470915704 0.18988503524776493
1.0 0.0 0.44137140830236615
1.0 0.0 0.6880226993629179
0.8191100656603012 0.19539672576679404 0.9287821743769951
0.7317626970260952 0.22202390637098857 0.5133963950381152
0.8629749895317106 0.0 0.2628372444759885
0.9261706807676994 0.0 0.7145370974947102
0.6757168973283427 0.2171764918434634 1.0
1.0 0.0827960702899337 0.5286058947852466
0.8787110465551405 0.0 0.3318241342895419
0.9321776437524866 0.0 0.5115509781637614
0.5915439630779122 0.0 0.8001511557942491
0.8682569217947103 0.17941678352971632 0.5958657428027986
0.3640497785351422 0.20688479237631702 0.39744435538898637
0.7699823484023746 0.2557527994472434 0.12886114351229871
0.8040566884498225 0.0 0.797411644556452
0.7253332228575711 0.0 0.1344257870391278
0.9400184084036417 0.13867470816833993 0.8757783960950881
0.9331329651605523 0.1398790002034535 0.6891756402689253
0.768103601815527 0.0 0.8626211225085139
0.766584226452363 0.0 0.06839469417912511
0.9313134502939623 0.208916705897722 0.8293680058602874
0.784294210944712 0.0 0.7314712745557579
1.0 0.15580397673493435 0.9137109130467364
1.0 0.0822543385123056 0.7838768776262985
0.8737411695086346 0.1434511025056803 0.734444157969624
0.7969732672459515 0.0 0.41273560708426665
0.6774631782065766 0.1417899819773806 0.8073408747921336
0.1558818992341397 0.20714980887605108 0.47767360644825624
0.7025666237139435 0.0 0.47371269166485447
0.8065399036547768 0.0 0.5415236864248044
0.8360447418430025 0.0 0.6771633793584887
0.1886794105377618 0.07730542943756409 0.24201715478251512
1.0 0.2101131468852034 1.0
0.93198582535813 0.08097968158990576 0.7448731008366536
0.7092553477783042 0.0 0.7302547611071832
0.24447382755601146 0.07688946277657359 0.436905917027486
0.14340392295139195 0.08305942085268544 0.17673923576859465
0.9270447501313979 0.0 0.44521409821387253
0.934825819285524 0.14542231913871792 0.7851415367061584
0.6576597262316766 0.26945304252425334 0.01530119556264635
0.7769852004086458 0.0 0.4764260501652253
0.7370776027805214 0.0 0.5410910877287197
0.0 0.08356405020975709 0.4062200112314152
0.9551728140863188 0.07255612683116407 0.6553193523458277
0.2709990110624056 0.07825207618729349 0.1224540855430052
0.8631919473637913 0.2603879511277986 0.9455727798025634
0.3507311065818989 0.2661975423602892 0.36071158753792
0.5850040909176852 0.07855276992176927 0.8524248021181319
0.8800463283961197 0.0 0.19065828712252078
0.7955305197350571 0.0 0.27300827852667503
0.8063146260481735 0.21214849250066753 0.6293143013256806
0.6697826953495185 0.07799362548389316 0.4443643192172242
0.13625250808824219 0.2522283105144452 0.42085000529246985
0.7946740067705155 0.2056239306196407 0.7497074218348454
0.4899110011600277 0.0 0.7370810399602942
0.9173242256405402 0.07865371323300802 0.26316317632237834
0.0 0.24533137293520793 0.1265870110553949
0.10898714944675915 0.07632213846948016 0.2447783117512918
0.8997463664636658 0.20589778613348086 0.8977616153939486
0.36017932406536507 0.14556110275023235 0.1864040004080993
0.0702880289837191 0.23960207332140285 0.4406241752845776
0.6372784744613974 0.15119822607267416 0.6623673571063745
0.6593530722782753 0.07777464423700355 0.846434040150303
0.3674703752248384 0.14196636591071035 0.4522503805835322
0.7315409854948246 0.08053052271260817 0.18529771627795186
0.6168359172614044 0.2068149384039933 0.0
0.602305040946606 0.0 0.6702576987242325
0.6216860608401668 0.0 0.06903428710716748
0.8042858473217185 0.19526272577818246 0.26724605097204857
0.4951921477931277 0.2146328617959523 0.8635886383527716
0.7620136120710641 0.1438569526571174 0.9453510591336737
0.487924967094218 0.1487810538019877 0.12322263071816081
0.7264084742073602 0.0 0.4100775541653851
0.8731003878864358 0.20869765982031688 0.781725376657256
0.5649553291078714 0.14536869978936742 0.6599792544429485
0.8145107212445793 0.0 0.2008628820289508
0.6563841310082166 0.0 0.4063115907248242
0.5814620466934612 0.0 0.2694825935505595
0.454263557454699 0.14236099514290096 0.5914017449902813
0.5347102265340571 0.14172688661322594 0.3193151818205389
0.22064584110836263 0.26035582241283217 0.3765161049420743
1.0 0.258333146897596 0.5582984589247505
0.6297798808841056 0.0 0.4714732360796984
0.1433626343297989 0.08270176459499638 0.05932600769155441
0.613368002543081 0.0 0.20150859196991316
0.855239495055386 0.14167350541340157 0.26082386702516824
0.959863591758597 0.267043288792518 1.0
0.5453289222163423 0.0 0.3392412912239633
0.5443066157504861 0.0 0.20337231875543216
0.6671428009803778 0.07648156131999151 0.5766011176079116
1.0 0.08199404971166582 0.7107879570533118
0.3730098027219899 0.0 0.139531040027524
0.36129808628415633 0.13964111104914054 0.3156539200379105
0.5862213459819939 0.0 0.40578767536244326
1.0 0.21229879481866812 0.8647555358584643
0.867561054046 0.12282904747206197 0.5407416977775832
0.5110261205239772 0.0 0.27355380600032214
0.9339679481725738 0.20722077448182188 0.5625853409354967
0.7500690156671082 0.07923149707743767 0.44593440573154874
0.5808049822009851 0.14148029308989776 0.38478182397521926
0.9265402825944872 0.0789969601030398 0.3305156276907212
0.9997753858686542 0.26318215584833154 0.818660636171221
0.18807755122915057 0.19712339353529096 0.3991931365359319
0.8627532979205474 0.25155034539830745 0.5539799148806722
0.3213255147592405 0.20778041438696346 0.3208578306433185
1.0 0.08358208103482477 0.8619530956654918
0.7627536834264587 0.2131084666451057 1.0
0.7036152536408028 0.15093428517086047 0.185618876671729
0.6152485552941968 0.2132067155840247 0.25700498311778897
0.6530614585287213 0.08324408759923328 1.0
0.30184801336779227 0.0 0.40676326160262216
1.0 0.20288935570809938 0.5088348535672815
0.7101470562358465 0.14424688037283062 0.6782791656077256
0.7450636624550411 0.21153722832120536 0.3186342519073436
0.31380606299039354 0.22017474541385654 1.0
0.27373682817573614 0.0 0.06977719226851385
0.8679892802318409 0.14024924223812923 0.9235961443394941
0.5727435826168776 0.07967437648168875 0.18434210334028323
0.8826410705574624 0.07413743661655299 0.6882107679100532
0.8698277445714554 0.2553898860287937 0.6256699855434346
0.8303600087627553 0.0807829254559258 0.9325983376753747
0.07597540046894301 0.2039672976565415 0.5082398891372051
0.5833473015419613 0.2119840710647035 1.0
0.9308205223256725 0.20709136951577853 0.7326777072077963
0.7013265276037174 0.21122224035104856 0.3906528270743896
0.44357386272497873 0.1531080473454741 0.06259701368405567
0.5293373286125153 0.22071072523316215 0.13048368429350263
0.9299633557153596 0.2669053526138038 0.32342378827329754
0.9441237933480761 0.2658313744692809 0.7771794645034044
0.542714454287008 0.13618587757332376 0.7362768909666192
0.4448270553767862 0.0 0.413397441356811
0.0 0.26912672440588276 0.685018743010384
0.68860682444404 0.07896340117616522 0.9219222736005677
0.5313157025014599 0.07755456857204918 0.2471402029206584
0.6302955341785808 0.2616248614238531 0.9943283212719868
0.8533373489661853 0.07886424960921315 0.36608287917683896
0.9065747259746818 0.26216906303008525 0.6841516151076276
0.839828303641997 0.07536898170345364 0.29567213625565164
0.5404321824425141 0.07828620948517749 0.5064105322766199
0.7368823559438343 0.19797228944574646 0.5897879963770144
1.0 0.08155489591632441 0.21974620959631136
0.6191998553009768 0.07619848925641332 0.7742499105696378
0.06265300938116035 0.07997141230315831 0.5075750096611293
0.8718561113107128 0.08141804825202488 0.14201695217736515
1.0 0.2728951493917646 0.4919507032604612
0.9559771600802544 0.0767931351360924 0.4715082545799467
0.2293859578341486 0.08054169758703043 0.05738753653141265
0.04991110811170823 0.2496770390202009 0.0
0.9373212613126207 0.07532823235038301 0.8262342212812152
0.6262367092571439 0.1497629702937786 1.0
0.6692200505322767 0.14851009204046461 0.9413085238373222
0.9279499990106527 0.20037445245100752 0.6477683674397839
0.35181317747013924 0.262890805439544 0.5811415161773078
0.18756675563462089 0.1547714258530007 0.06477426968184156
0.3209040744193826 0.2078885617739983 0.46843500324949444
0.7487197104163809 0.2627462772576042 0.7361726844851089
0.3068205788563371 0.26283449357769867 0.41453202279544465
0.400687070689223 0.2238900055585887 0.0709088135872944
0.47267368608756133 0.0799330200922069 0.9299394492139794
0.0 0.25431924482460994 0.05668941442428489
1.0 0.13996826619745195 0.4704362999380436
0.4985427023487398 0.2065130354585588 1.0
0.8231581447868399 0.26873471471148747 0.8866037953992436
0.8878918924285261 0.13590096880218286 0.4555523077342542
0.6626233652983734 0.21663949189230716 0.17901128016690035
0.9336164488854414 0.07712169351215582 0.5544226432387142
0.18458898889406364 0.14943952447507472 0.3178655258073677
0.940440634395824 0.19449823118068327 0.45197037361119036
0.9308937561503027 0.08814440477044705 0.0
0.6981035391659408 0.26539197742609527 0.5707648351395983
0.2718890990814598 0.15357405946688849 0.06366360364487603
0.5264591273021352 0.08163835551683114 0.0
0.40161348805468866 0.14863962407028197 0.1225567349176915
0.7689788109460055 0.0799310396308863 0.7805008939298601
1.0 0.0856192483135233 0.9302068875730656
0.6575481565106956 0.07627213778798446 0.053262440968724165
1.0 0.23424830221066653 0.934279223509456
1.0 0.1474157413558179 0.5635045719743904
0.543192998555829 0.21825173988075064 0.9305613223657151
0.6944934987522103 0.27288654312231825 0.21513064058628417
0.8078613830659347 0.17861390630284207 0.1251461178326307
0.9302903331468113 0.14568938273095447 0.2218458691080082
0.27495070134400657 0.221818007924062 0.1268373029952955
0.6935948914407302 0.07820955019286456 0.120776015057416
0.4976186989338994 0.07771801974631506 0.5682344464677418
0.6148218544426421 0.07996211469509634 0.12140372576750426
0.3677237577191368 0.07776239076551643 0.3708304392656759
1.0 0.1594551275267175 0.3289029857682553
0.18238117572205714 0.21973926986936207 0.1361144600834053
0.442391932578309 0.07983587442022114 0.1189075845704638
0.8693304163319712 0.0831609589191934 0.7869365999288996
0.8547450560333322 0.0797327775293335 0.22080350749373656
1.0 0.14977540321347915 0.0
0.6603424968506368 0.14486374251108916 0.250256970345162
0.20579933883188814 0.20659892080577705 0.8130650664087341
1.0 0.08489940595602041 0.06711030951203178
0.7845937869247702 0.07804750144444507 0.24337881769064962
0.27521471734324615 0.20888017958396043 0.0
0.193828267539024 0.0764516565598323 0.3760807808719791
0.9423085653962564 0.07562784557750958 0.10575746537224352
0.6817182826715806 0.0 0.20184288641248124
0.7491579949456297 0.0 0.20503372585004784
0.5014918022394602 0.14914808242159155 0.9333742226564472
0.6418302371319998 0.1392468842085502 0.7393164063387401
0.9434643845976538 0.13979590559062044 0.05283625557685395
0.5727903474953973 0.0788148769371837 0.05953588146262289
0.498209494576673 0.14353715285882623 0.5193047959908574
1.0 0.2267812238048682 0.207313242735231
0.8889189262995294 0.0724606393109126 0.0544165622080926
0.7771164240792193 0.07675075268707485 0.37572585587925383
0.41215640510924023 0.20598138835002316 0.6075490372915403
