128
0.3 0.9 0.3
0.3 0.9 0.35
0.3 0.9 0.4
0.3 0.9 0.45
0.3 0.9 0.5
0.3 0.9 0.55
0.3 0.9 0.6000000000000001
0.3 0.9 0.65
0.35 0.9 0.3
0.35 0.9 0.35
0.35 0.9 0.4
0.35 0.9 0.45
0.35 0.9 0.5
0.35 0.9 0.55
0.35 0.9 0.6000000000000001
0.35 0.9 0.65
0.4 0.9 0.3
0.4 0.9 0.35
0.4 0.9 0.4
0.4 0.9 0.45
0.4 0.9 0.5
0.4 0.9 0.55
0.4 0.9 0.6000000000000001
0.4 0.9 0.65
0.45 0.9 0.3
0.45 0.9 0.35
0.45 0.9 0.4
0.45 0.9 0.45
0.45 0.9 0.5
0.45 0.9 0.55
0.45 0.9 0.6000000000000001
0.45 0.9 0.65
0.5 0.9 0.3
0.5 0.9 0.35
0.5 0.9 0.4
0.5 0.9 0.45
0.5 0.9 0.5
0.5 0.9 0.55
0.5 0.9 0.6000000000000001
0.5 0.9 0.65
0.55 0.9 0.3
0.55 0.9 0.35
0.55 0.9 0.4
0.55 0.9 0.45
0.55 0.9 0.5
0.55 0.9 0.55
0.55 0.9 0.6000000000000001
0.55 0.9 0.65
0.6000000000000001 0.9 0.3
0.6000000000000001 0.9 0.35
0.6000000000000001 0.9 0.4
0.6000000000000001 0.9 0.45
0.6000000000000001 0.9 0.5
0.6000000000000001 0.9 0.55
0.6000000000000001 0.9 0.6000000000000001
0.6000000000000001 0.9 0.65
0.65 0.9 0.3
0.65 0.9 0.35
0.65 0.9 0.4
0.65 0.9 0.45
0.65 0.9 0.5
0.65 0.9 0.55
0.65 0.9 0.6000000000000001
0.65 0.9 0.65
0.3 0.85 0.3
0.3 0.85 0.35
0.3 0.85 0.4
0.3 0.85 0.45
0.3 0.85 0.5
0.3 0.85 0.55
0.3 0.85 0.6000000000000001
0.3 0.85 0.65
0.35 0.85 0.3
0.35 0.85 0.35
0.35 0.85 0.4
0.35 0.85 0.45
0.35 0.85 0.5
0.35 0.85 0.55
0.35 0.85 0.6000000000000001
0.35 0.85 0.65
0.4 0.85 0.3
0.4 0.85 0.35
0.4 0.85 0.4
0.4 0.85 0.45
0.4 0.85 0.5
0.4 0.85 0.55
0.4 0.85 0.6000000000000001
0.4 0.85 0.65
0.45 0.85 0.3
0.45 0.85 0.35
0.45 0.85 0.4
0.45 0.85 0.45
0.45 0.85 0.5
0.45 0.85 0.55
0.45 0.85 0.6000000000000001
0.45 0.85 0.65
0.5 0.85 0.3
0.5 0.85 0.35
0.5 0.85 0.4
0.5 0.85 0.45
0.5 0.85 0.5
0.5 0.85 0.55
0.5 0.85 0.6000000000000001
0.5 0.85 0.65
0.55 0.85 0.3
0.55 0.85 0.35
0.55 0.85 0.4
0.55 0.85 0.45
0.55 0.85 0.5
0.55 0.85 0.55
0.55 0.85 0.6000000000000001
0.55 0.85 0.65
0.6000000000000001 0.85 0.3
0.6000000000000001 0.85 0.35
0.6000000000000001 0.85 0.4
0.6000000000000001 0.85 0.45
0.6000000000000001 0.85 0.5
0.6000000000000001 0.85 0.55
0.6000000000000001 0.85 0.6000000000000001
0.6000000000000001 0.85 0.65
0.65 0.85 0.3
0.65 0.85 0.35
0.65 0.85 0.4
0.65 0.85 0.45
0.65 0.85 0.5
0.65 0.85 0.55
0.65 0.85 0.6000000000000001
0.65 0.85 0.65
